# unix_time, cycles_done, cur_path, paths_total, pending_total, pending_favs, map_size, unique_crashes, unique_hangs, max_depth, execs_per_sec
1571811186, 0, 0, 6, 6, 0, 0.00%, 0, 0, 1, 1920.00
1571811191, 0, 1, 6, 5, 0, 0.00%, 0, 0, 1, 2279.47
1571811196, 0, 2, 6, 4, 0, 0.00%, 0, 0, 1, 2596.57
1571811201, 0, 4, 6, 2, 0, 0.00%, 0, 0, 1, 2670.45
1571875844, 0, 5, 6, 1, 0, 0.00%, 0, 0, 1, 2664.37
1571875869, 3, 0, 6, 0, 0, 0.00%, 0, 0, 1, 2543.57
1571875875, 5, 5, 6, 0, 0, 0.00%, 0, 0, 1, 2464.45
1571875880, 8, 4, 6, 0, 0, 0.00%, 0, 0, 1, 2451.68
1571875885, 11, 4, 6, 0, 0, 0.00%, 0, 0, 1, 2508.04
1571875890, 14, 4, 6, 0, 0, 0.00%, 0, 0, 1, 2607.66
1571875895, 17, 4, 6, 0, 0, 0.00%, 0, 0, 1, 2603.48
1571875900, 20, 5, 6, 0, 0, 0.00%, 0, 0, 1, 2607.20
1571875906, 23, 5, 6, 0, 0, 0.00%, 0, 0, 1, 2639.87
1571875911, 26, 5, 6, 0, 0, 0.00%, 0, 0, 1, 2586.68
1571875916, 29, 5, 6, 0, 0, 0.00%, 0, 0, 1, 2580.42
1571875921, 33, 0, 6, 0, 0, 0.00%, 0, 0, 1, 2623.07
1571875926, 35, 5, 6, 0, 0, 0.00%, 0, 0, 1, 2514.28
1571875931, 38, 5, 6, 0, 0, 0.00%, 0, 0, 1, 2562.86
1571875937, 41, 5, 6, 0, 0, 0.00%, 0, 0, 1, 2521.18
1571875942, 44, 4, 6, 0, 0, 0.00%, 0, 0, 1, 2546.57
1571875947, 47, 5, 6, 0, 0, 0.00%, 0, 0, 1, 2598.83
1571875952, 50, 4, 6, 0, 0, 0.00%, 0, 0, 1, 2453.90
